#Scan:    100            N1530 2021-09-20 +07 35 52.0
#          RADIO                  Ta    
#        km/s-BAR                 I
    1306.1872229650723511      0.0109655
    1309.2062972980261293      0.0069045
    1312.2253716309469382      0.0132682
    1315.2444459639004890      0.0036802
    1318.2635202967881014      0.0146792
    1321.2825946297418795      0.0109102
    1324.3016689626624611      0.0133356
    1327.3207432956164666      0.0212437
    1330.3398176285370482      0.0240957
    1333.3588919614910537      0.0295594
    1336.3779662944116353      0.0259003
    1339.3970406273322169      0.0389207
    1342.4161149602527985      0.0281894
    1345.4351892932065766      0.0338431
    1348.4542636261271582      0.0482251
    1351.4733379590811637      0.0398311
    1354.4924122920017453      0.0319504
    1357.5114866248891303      0.0299678
    1360.5305609578429085      0.0313608
    1363.5496352907969140      0.0517200
    1366.5687096237174956      0.0530579
    1369.5877839566712737      0.0396725
    1372.6068582895918553      0.0498086
    1375.6259326225458608      0.0504652
    1378.6450069554332458      0.0394989
    1381.6640812883870240      0.0361084
    1384.6831556213076055      0.0481525
    1387.7022299542616111      0.0377699
    1390.7213042871821926      0.0451415
    1393.7403786201359708      0.0438075
    1396.7594529530565524      0.0461764
    1399.7785272859439374      0.0530549
    1402.7976016188979429      0.0585324
    1405.8166759518517210      0.0491770
    1408.8357502847723026      0.0396495
    1411.8548246177263081      0.0335927
    1414.8738989506468897      0.0318247
    1417.8929732835342747      0.0454320
    1420.9120476164880529      0.0498093
    1423.9311219494086345      0.0423579
    1426.9501962823626400      0.0296204
    1429.9692706153164181      0.0216596
    1432.9883449482369997      0.0438021
    1436.0074192811910052      0.0437063
    1439.0264936140781629      0.0423698
    1442.0455679469989718      0.0427009
    1445.0646422799527500      0.0511391
    1448.0837166129067555      0.0423485
    1451.1027909458273371      0.0389361
    1454.1218652787811152      0.0468176
    1457.1409396116685002      0.0470559
    1460.1600139445890818      0.0618704
    1463.1790882775428599      0.0437166
    1466.1981626104636689      0.0554329
    1469.2172369434174470      0.0566184
    1472.2363112763714525      0.0342143
    1475.2553856092920341      0.0392152
    1478.2744599421791918      0.0540585
    1481.2935342751331973      0.0523146
    1484.3126086080537789      0.0518679
    1487.3316829410075570      0.0449564
    1490.3507572739283660      0.0457251
    1493.3698316068821441      0.0431494
    1496.3889059398361496      0.0389719
    1499.4079802727233073      0.0427181
    1502.4270546056438889      0.0522351
    1505.4461289385978944      0.0502000
    1508.4652032715184760      0.0464329
    1511.4842776044722541      0.0393503
    1514.5033519374262596      0.0312286
    1517.5224262703136446      0.0458611
    1520.5415006032342262      0.0364139
    1523.5605749361880044      0.0389603
    1526.5796492691085859      0.0417665
    1529.5987236020625915      0.0403741
    1532.6177979349831730      0.0607931
    1535.6368722679369512      0.0467068
    1538.6559466008243362      0.0404956
    1541.6750209337783417      0.0483174
    1544.6940952666989233      0.0467205
    1547.7131695996527014      0.0487133
    1550.7322439325732830      0.0434752
    1553.7513182655272885      0.0410014
    1556.7703925984149009      0.0494436
    1559.7894669313684517      0.0567013
    1562.8085412642892607      0.0611448
    1565.8276155972430388      0.0526878
    1568.8466899301638477      0.0475210
    1571.8657642631173985      0.0451651
    1574.8848385960382075      0.0457636
    1577.9039129289255925      0.0462015
    1580.9229872618795980      0.0499496
    1583.9420615948333761      0.0366371
    1586.9611359277539577      0.0432233
    1589.9802102607079632      0.0290001
    1592.9992845936285448      0.0440801
    1596.0183589265823230      0.0543762
    1599.0374332594697080      0.0473352
    1602.0565075924234861      0.0384428
    1605.0755819253442951      0.0456922
    1608.0946562582980732      0.0424298
    1611.1137305912186548      0.0425365
    1614.1328049241726603      0.0481879
    1617.1518792570598180      0.0467075
    1620.1709535899803996      0.0498047
    1623.1900279229344051      0.0476288
    1626.2091022558881832      0.0535821
    1629.2281765888089922      0.0479179
    1632.2472509217627703      0.0509692
    1635.2663252546833519      0.0498148
    1638.2853995875707369      0.0433682
    1641.3044739205245151      0.0351719
    1644.3235482534450966      0.0321414
    1647.3426225863991021      0.0444953
    1650.3616969193528803      0.0287195
    1653.3807712522736892      0.0435320
    1656.3998455851608469      0.0370589
    1659.4189199181148524      0.0361171
    1662.4379942510354340      0.0335559
    1665.4570685839892121      0.0472647
    1668.4761429169432176      0.0399265
    1671.4952172498637992      0.0419647
    1674.5142915828175774      0.0271467
    1677.5333659157049624      0.0342558
    1680.5524402486255440      0.0394358
    1683.5715145815795495      0.0517878
    1686.5905889145001311      0.0504263
    1689.6096632474539092      0.0456801
    1692.6287375804079147      0.0454236
    1695.6478119133284963      0.0541427
    1698.6668862462158813      0.0346700
    1701.6859605791696595      0.0442623
    1704.7050349120902411      0.0586859
    1707.7241092450442466      0.0567269
    1710.7431835779980247      0.0587688
    1713.7622579109186063      0.0554663
    1716.7813322438059913      0.0434569
    1719.8004065767597695      0.0552564
    1722.8194809096805784      0.0467317
    1725.8385552426343565      0.0523241
    1728.8576295755549381      0.0528289
    1731.8767039085089436      0.0473237
    1734.8957782414627218      0.0397238
    1737.9148525743501068      0.0422708
    1740.9339269072706884      0.0291445
    1743.9530012402244665      0.0334223
    1746.9720755731452755      0.0298651
    1749.9911499060990536      0.0464097
    1753.0102242390196352      0.0387028
    1756.0292985719402168      0.0410667
    1759.0483729048607984      0.0355610
    1762.0674472378148039      0.0577568
    1765.0865215707353855      0.0362991
    1768.1055959036891636      0.0379871
    1771.1246702366099726      0.0416862
    1774.1437445695637507      0.0365972
    1777.1628189024511357      0.0325590
    1780.1818932354049139      0.0402456
    1783.2009675683254954      0.0266100
    1786.2200419012795010      0.0428953
    1789.2391162342000825      0.0529818
    1792.2581905671538607      0.0371039
    1795.2772649000746696      0.0314423
    1798.2963392329618273      0.0344050
    1801.3154135659158328      0.0401442
    1804.3344878988696109      0.0354384
    1807.3535622317901925      0.0403738
    1810.3726365647441980      0.0294566
    1813.3917108976647796      0.0404740
    1816.4107852305523920      0.0424802
    1819.4298595635061702      0.0268324
    1822.4489338964599483      0.0366621
    1825.4680082293807573      0.0394487
    1828.4870825623345354      0.0485305
    1831.5061568952551170      0.0405781
    1834.5252312282091225      0.0478674
    1837.5443055610965075      0.0393467
    1840.5633798940170891      0.0372614
    1843.5824542269708672      0.0553644
    1846.6015285599248728      0.0473679
    1849.6206028928454543      0.0494126
    1852.6396772257992325      0.0368388
    1855.6587515586866175      0.0465112
    1858.6778258916071991      0.0379625
    1861.6969002245612046      0.0432480
    1864.7159745574817862      0.0411110
    1867.7350488904355643      0.0360529
    1870.7541232233895698      0.0468393
    1873.7731975563101514      0.0445343
    1876.7922718891973091      0.0524906
    1879.8113462221513146      0.0352230
    1882.8304205550718962      0.0397453
    1885.8494948880259017      0.0293580
    1888.8685692209796798      0.0482974
    1891.8876435539002614      0.0452566
    1894.9067178867876464      0.0374568
    1897.9257922197414246      0.0365769
    1900.9448665526620061      0.0373453
    1903.9639408856160117      0.0471696
    1906.9830152185365932      0.0512121
    1910.0020895514905988      0.0368503
    1913.0211638844443769      0.0487012
    1916.0402382173317619      0.0262535
    1919.0593125502523435      0.0409209
    1922.0783868832061216      0.0457442
    1925.0974612161267032      0.0475459
    1928.1165355490807087      0.0498966
    1931.1356098820344869      0.0414535
    1934.1546842149552958      0.0339147
    1937.1737585478424535      0.0447755
    1940.1928328807964590      0.0428501
    1943.2119072137170406      0.0378784
    1946.2309815466708187      0.0308854
    1949.2500558795914003      0.0398029
    1952.2691302125454058      0.0387848
    1955.2882045454327908      0.0262018
    1958.3072788783865690      0.0389399
    1961.3263532113071506      0.0359233
    1964.3454275442611561      0.0334345
    1967.3645018771817377      0.0353151
    1970.3835762101355158      0.0252866
    1973.4026505430560974      0.0382602
    1976.4217248759769063      0.0485257
    1979.4407992088974879      0.0356986
    1982.4598735418512661      0.0322563
    1985.4789478747718476      0.0285075
    1988.4980222077258531      0.0303373
    1991.5170965406464347      0.0358781
    1994.5361708735335924      0.0510920
    1997.5552452064875979      0.0315047
    2000.5743195394416034      0.0404482
    2003.5933938723621850      0.0408962
    2006.6124682053159631      0.0313535
    2009.6315425382365447      0.0293304
    2012.6506168711905502      0.0355491
    2015.6696912040777079      0.0288489
    2018.6887655369982895      0.0378112
    2021.7078398699522950      0.0269930
    2024.7269142029063005      0.0252635
    2027.7459885358268821      0.0262767
    2030.7650628687806602      0.0384700
    2033.7841372017012418      0.0397811
    2036.8032115345886268      0.0256248
    2039.8222858675424050      0.0363750
    2042.8413602004964105      0.0369718
    2045.8604345334169921      0.0265614
    2048.8795088663709976      0.0405078
    2051.8985831992913518      0.0294642
    2054.9176575321789642      0.0320807
    2057.9367318651325149      0.0420464
    2060.9558061980533239      0.0403534
    2063.9748805310073294      0.0379074
    2066.9939548639608802      0.0261779
    2070.0130291968816891      0.0432017
    2073.0321035298356946      0.0385195
    2076.0511778627233070      0.0352720
    2079.0702521956436613      0.0245883
    2082.0893265285976668      0.0392659
    2085.1084008615516723      0.0444211
    2088.1274751944720265      0.0300425
    2091.1465495274260320      0.0307068
    2094.1656238603131897      0.0342309
    2097.1846981932339986      0.0292120
    2100.2037725261880041      0.0408088
    2103.2228468591083583      0.0415032
    2106.2419211920619091      0.0296808
    2109.2609955250159146      0.0350885
    2112.2800698579367236      0.0290326
    2115.2991441908243360      0.0295913
    2118.3182185237778867      0.0218130
    2121.3372928566982409      0.0343221
    2124.3563671896522465      0.0393269
    2127.3754415225730554      0.0375918
    2130.3945158555270609      0.0318660
    2133.4135901884810664      0.0285894
    2136.4326645213682241      0.0374690
    2139.4517388542885783      0.0434522
    2142.4708131872425838      0.0391495
    2145.4898875201633928      0.0503967
    2148.5089618531173983      0.0463012
    2151.5280361860709490      0.0265433
    2154.5471105189585614      0.0330576
    2157.5661848518789157      0.0381219
    2160.5852591848324664      0.0193296
    2163.6043335177537301      0.0082868
    2166.6234078507072809      0.0262603
    2169.6424821836276351      0.0401146
    2172.6615565165816406      0.0246086
    2175.6806308494687983      0.0336682
    2178.6997051824228038      0.0313527
    2181.7187795153436127      0.0333007
    2184.7378538482976182      0.0215189
    2187.7569281812179725      0.0262808
    2190.7760025141719780      0.0400324
    2193.7950768470595904      0.0354380
    2196.8141511800131411      0.0494878
    2199.8332255129339501      0.0442743
    2202.8522998458879556      0.0292911
    2205.8713741788087646      0.0384236
    2208.8904485117627701      0.0360792
    2211.9095228446831243      0.0373824
    2214.9285971775702819      0.0465354
    2217.9476715105242874      0.0395152
    2220.9667458434778382      0.0339639
    2223.9858201763986472      0.0306344
    2227.0048945093526527      0.0307636
    2230.0239688422730069      0.0469462
    2233.0430431752270124      0.0481718
    2236.0621175081141701      0.0430868
    2239.0811918410681756      0.0374280
    2242.1002661739889845      0.0328921
    2245.1193405069429900      0.0225414
    2248.1384148398633442      0.0426738
    2251.1574891728173498      0.0363017
    2254.1765635057045074      0.0413821
    2257.1956378386253164      0.0523410
    2260.2147121715793219      0.0583721
    2263.2337865045333274      0.0594821
    2266.2528608374536816      0.0562556
    2269.2719351704072324      0.0739123
    2272.2910095033280413      0.0787275
    2275.3100838362156537      0.0996798
    2278.3291581691696592      0.1189154
    2281.3482325020900134      0.1407679
    2284.3673068350435642      0.1728976
    2287.3863811679975697      0.2198943
    2290.4054555009183787      0.2596114
    2293.4245298338055363      0.2782798
    2296.4436041667595418      0.3034253
    2299.4626784996798960      0.3205770
    2302.4817528326339016      0.3396592
    2305.5008271655879071      0.3407091
    2308.5199014985087160      0.3402785
    2311.5389758314627215      0.3211510
    2314.5580501643498792      0.3040623
    2317.5771244972702334      0.2722970
    2320.5961988302242389      0.2540739
    2323.6152731631450479      0.2496455
    2326.6343474960990534      0.2398688
    2329.6534218290526042      0.2310820
    2332.6724961619729584      0.2144335
    2335.6915704948605708      0.2177266
    2338.7106448278141215      0.2115989
    2341.7297191607349305      0.2057099
    2344.7487934936889360      0.2073151
    2347.7678678266092902      0.2079081
    2350.7869421595632957      0.1894771
    2353.8060164924504534      0.1891318
    2356.8250908254044589      0.1941904
    2359.8441651583252678      0.1909124
    2362.8632394912792734      0.1900482
    2365.8823138241996276      0.1850085
    2368.9013881571536331      0.1724988
    2371.9204624901071838      0.1873410
    2374.9395368229947962      0.1972650
    2377.9586111559156052      0.1784097
    2380.9776854888696107      0.1751888
    2383.9967598217899649      0.1829058
    2387.0158341547435157      0.1811676
    2390.0349084876643246      0.1768405
    2393.0539828205519370      0.1599145
    2396.0730571535059426      0.1759268
    2399.0921314864594933      0.1650355
    2402.1112058193798475      0.1551446
    2405.1302801523338530      0.1604930
    2408.1493544852546620      0.1638877
    2411.1684288182086675      0.1643451
    2414.1875031510958252      0.1627303
    2417.2065774840498307      0.1652010
    2420.2256518169701849      0.1593495
    2423.2447261499241904      0.1578922
    2426.2638004828449994      0.1637174
    2429.2828748157990049      0.1633245
    2432.3019491487193591      0.1666881
    2435.3210234816065167      0.1587654
    2438.3400978145605222      0.1476569
    2441.3591721475140730      0.1514271
    2444.3782464804353367      0.1387143
    2447.3973208133888875      0.1309754
    2450.4163951463092417      0.1278831
    2453.4354694791973088      0.1166710
    2456.4545438121508596      0.1260596
    2459.4736181451048651      0.1288604
    2462.4926924780252193      0.1260733
    2465.5117668109792248      0.1300404
    2468.5308411439000338      0.1368961
    2471.5499154768540393      0.1392429
    2474.5689898097411970      0.1368517
    2477.5880641426615512      0.1422864
    2480.6071384756155567      0.1348749
    2483.6262128085695622      0.1391457
    2486.6452871414903711      0.1468846
    2489.6643614744443767      0.1517996
    2492.6834358073315343      0.1463506
    2495.7025101402518885      0.1372592
    2498.7215844732058940      0.1521958
    2501.7406588061267030      0.1713118
    2504.7597331390802537      0.1679154
    2507.7788074720342593      0.1721725
    2510.7978818049546135      0.1723077
    2513.8169561378422259      0.1570899
    2516.8360304707957766      0.1632620
    2519.8551048037165856      0.1738188
    2522.8741791366705911      0.1792087
    2525.8932534696245966      0.1663489
    2528.9123278025449508      0.1787856
    2531.9314021354989563      0.1952906
    2534.9504764683861140      0.2067168
    2537.9695508013069229      0.2151611
    2540.9886251342609285      0.2282158
    2544.0076994671812827      0.2254871
    2547.0267738001352882      0.2478037
    2550.0458481330888389      0.2539532
    2553.0649224659764513      0.2628025
    2556.0839967988972603      0.2999909
    2559.1030711318512658      0.3212860
    2562.1221454647716200      0.3279939
    2565.1412197977251708      0.3549024
    2568.1602941306459797      0.3715380
    2571.1793684635999853      0.3848706
    2574.1984427964871429      0.3992403
    2577.2175171294411484      0.4054675
    2580.2365914623615026      0.3883255
    2583.2556657953155081      0.3469577
    2586.2747401282363171      0.2997560
    2589.2938144611903226      0.2800606
    2592.3128887940774803      0.2361553
    2595.3319631270314858      0.1857290
    2598.3510374599518400      0.1549845
    2601.3701117929058455      0.1263607
    2604.3891861258266545      0.1056235
    2607.4082604587806600      0.0957378
    2610.4273347917010142      0.0693075
    2613.4464091246218231      0.0585402
    2616.4654834575421773      0.0587001
    2619.4845577904957281      0.0497467
    2622.5036321234165371      0.0537758
    2625.5227064563705426      0.0482967
    2628.5417807892908968      0.0523863
    2631.5608551221785092      0.0516168
    2634.5799294551320600      0.0444766
    2637.5990037880860655      0.0391604
    2640.6180781210068744      0.0586998
    2643.6371524539608799      0.0501242
    2646.6562267868812341      0.0431771
    2649.6753011198352397      0.0336250
    2652.6943754527223973      0.0393699
    2655.7134497856432063      0.0308209
    2658.7325241185972118      0.0314903
    2661.7515984515512173      0.0485479
    2664.7706727844715715      0.0504114
    2667.7897471174251223      0.0415996
    2670.8088214503459312      0.0489784
    2673.8278957832335436      0.0244206
    2676.8469701161875491      0.0185922
    2679.8660444491410999      0.0222068
    2682.8851187820614541      0.0458016
    2685.9041931150154596      0.0465068
    2688.9232674479362686      0.0416288
    2691.9423417808238810      0.0482295
    2694.9614161137774317      0.0283126
    2697.9804904466977860      0.0345900
    2700.9995647796517915      0.0311266
    2704.0186391126057970      0.0281925
    2707.0377134455266059      0.0356815
    2710.0567877784806115      0.0272398
    2713.0758621113677691      0.0405485
    2716.0949364442885781      0.0270862
    2719.1140107772425836      0.0320594
    2722.1330851101629378      0.0342360
    2725.1521594431169433      0.0412498
    2728.1712337760704941      0.0342268
    2731.1903081089581065      0.0243493
    2734.2093824418789154      0.0361751
    2737.2284567748324662      0.0512109
    2740.2475311077532751      0.0378562
    2743.2666054407068259      0.0257491
    2746.2856797736608314      0.0363781
    2749.3047541065816404      0.0416392
    2752.3238284394687980      0.0332445
    2755.3429027724228035      0.0298864
    2758.3619771053431577      0.0438351
    2761.3810514382971633      0.0394969
    2764.4001257712179722      0.0325177
    2767.4192001041719777      0.0326414
    2770.4382744371259832      0.0398252
    2773.4573487700131409      0.0397481
    2776.4764231029334951      0.0543037
    2779.4954974358875006      0.0385498
    2782.5145717688083096      0.0324790
    2785.5336461017618603      0.0387975
    2788.5527204346826693      0.0381441
    2791.5717947676034782      0.0318221
    2794.5908691005238325      0.0247360
    2797.6099434334773832      0.0334989
    2800.6290177663981922      0.0457354
    2803.6480920993521977      0.0392375
    2806.6671664322725519      0.0282414
    2809.6862407652265574      0.0356941
    2812.7053150981137151      0.0380673
    2815.7243894310677206      0.0365832
    2818.7434637639885295      0.0409835
    2821.7625380969425350      0.0421897
    2824.7816124298628893      0.0492566
    2827.8006867628168948      0.0372172
    2830.8197610957040524      0.0490895
    2833.8388354286580579      0.0480631
    2836.8579097615788669      0.0336659
    2839.8769840945328724      0.0408665
    2842.8960584274532266      0.0426981
    2845.9151327604067774      0.0330226
    2848.9342070933275863      0.0291548
    2851.9532814262151987      0.0450253
    2854.9723557591687495      0.0494235
    2857.9914300921227550      0.0402634
    2861.0105044250431092      0.0379967
    2864.0295787579971147      0.0273148
    2867.0486530909179237      0.0332632
    2870.0677274238719292      0.0282596
    2873.0868017567590869      0.0465427
    2876.1058760896794411      0.0410366
    2879.1249504226334466      0.0188015
    2882.1440247555874521      0.0306652
    2885.1630990885082610      0.0337932
    2888.1821734214622666      0.0437042
    2891.2012477543494242      0.0469026
    2894.2203220872697784      0.0389124
    2897.2393964202237839      0.0426895
    2900.2584707531773347      0.0344813
    2903.2775450860981437      0.0411793
    2906.2966194190521492      0.0346047
    2909.3156937519725034      0.0421259
    2912.3347680848601158      0.0443254
    2915.3538424178136665      0.0335234
    2918.3729167507344755      0.0412160
    2921.3919910836884810      0.0500625
    2924.4110654166424865      0.0269553
    2927.4301397495628407      0.0375970
    2930.4492140824499984      0.0311857
    2933.4682884154040039      0.0341763
    2936.4873627483248129      0.0243524
    2939.5064370812788184      0.0319059
    2942.5255114141991726      0.0319053
    2945.5445857471531781      0.0236621
    2948.5636600801067289      0.0360285
    2951.5827344129943413      0.0537357
    2954.6018087459151502      0.0345439
    2957.6208830788691557      0.0264070
    2960.6399574117899647      0.0154016
    2963.6590317447430607      0.0216979
    2966.6781060776970662      0.0364339
    2969.6971804106178752      0.0440351
    2972.7162547435054876      0.0368921
    2975.7353290764590383      0.0378042
    2978.7544034093798473      0.0375189
    2981.7734777423338528      0.0297307
    2984.7925520752542070      0.0287302
    2987.8116264082082125      0.0404764
    2990.8307007410953702      0.0496945
    2993.8497750740493757      0.0339561
    2996.8688494069701846      0.0366116
    2999.8879237399241902      0.0283827
    3002.9069980728445444      0.0339358
    3005.9260724057985499      0.0310006
    3008.9451467387521006      0.0233996
    3011.9642210716397130      0.0496894
    3014.9832954045605220      0.0501610
    3018.0023697375140728      0.0359277
    3021.0214440704348817      0.0435668
    3024.0405184033884325      0.0375011
    3027.0595927363092414      0.0334616
    3030.0786670691968538      0.0333112
    3033.0977414021504046      0.0329913
    3036.1168157351044101      0.0388742
    3039.1358900680247643      0.0404944
    3042.1549644009787698      0.0296303
    3045.1740387338995788      0.0319094
    3048.1931130668535843      0.0250869
    3051.2121873997407420      0.0302549
    3054.2312617326947475      0.0375334
    3057.2503360656151017      0.0361503
    3060.2694103985691072      0.0336153
    3063.2884847314899162      0.0390933
    3066.3075590644434669      0.0355390
    3069.3266333973642759      0.0426947
    3072.3457077302514335      0.0266010
    3075.3647820632054390      0.0239529
    3078.3838563961589898      0.0339270
    3081.4029307290797988      0.0205278
    3084.4220050620338043      0.0371475
    3087.4410793949541585      0.0381574
    3090.4601537278417709      0.0278531
    3093.4792280607953217      0.0269073
    3096.4983023937161306      0.0467444
    3099.5173767266701361      0.0248803
    3102.5364510596241416      0.0182682
    3105.5555253925444958      0.0481317
    3108.5745997254985014      0.0393604
    3111.5936740583856590      0.0297694
    3114.6127483913064680      0.0262385
    3117.6318227242604735      0.0377908
    3120.6508970572144790      0.0388340
    3123.6699713901348332      0.0305045
    3126.6890457230883840      0.0433152
    3129.7081200559759964      0.0283099
    3132.7271943888968053      0.0191378
    3135.7462687218508108      0.0263634
    3138.7653430547711650      0.0453724
    3141.7844173877247158      0.0237028
    3144.8034917206787213      0.0293526
    3147.8225660535995303      0.0273392
    3150.8416403864866879      0.0324371
    3153.8607147194406934      0.0293204
    3156.8797890523610477      0.0208109
    3159.8988633853150532      0.0304405
    3162.9179377182690587      0.0354710
    3165.9370120511898676      0.0361128
    3168.9560863841438731      0.0262247
    3171.9751607170310308      0.0395184
    3174.9942350499513850      0.0436141
    3178.0133093829053905      0.0228631
    3181.0323837158261995      0.0278437
    3184.0514580487802050      0.0311470
    3187.0705323817337558      0.0326694
    3190.0896067146213682      0.0368955
    3193.1086810475417224      0.0243150
    3196.1277553804952731      0.0229921
    3199.1468297134160821      0.0176132
    3202.1659040463700876      0.0314779
    3205.1849783792904418      0.0247468
    3208.2040527122444473      0.0308327
    3211.2231270451320597      0.0367612
    3214.2422013780856105      0.0182729
    3217.2612757110064194      0.0309652
    3220.2803500439604250      0.0206526
    3223.2994243768812339      0.0197710
    3226.3184987098352394      0.0286027
    3229.3375730427223971      0.0391628
    3232.3566473756764026      0.0309691
    3235.3757217085967568      0.0329708
    3238.3947960415507623      0.0409206
    3241.4138703744715713      0.0326444
    3244.4329447074251220      0.0234526
    3247.4520190403454762      0.0442740
    3250.4710933732330886      0.0307137
    3253.4901677061870942      0.0315739
    3256.5092420391406449      0.0270267
    3259.5283163720614539      0.0231422
    3262.5473907050154594      0.0261033
    3265.5664650379358136      0.0349485
    3268.5855393708898191      0.0393629
    3271.6046137037769768      0.0305014
    3274.6236880367309823      0.0330737
    3277.6427623696517912      0.0256217
    3280.6618367026057967      0.0358278
    3283.6809110355261510      0.0354309
    3286.6999853684801565      0.0472433
    3289.7190597013673141      0.0535352
    3292.7381340342881231      0.0435522
    3295.7572083672421286      0.0313411
    3298.7762827001961341      0.0085812
    3301.7953570331164883      0.0172594
    3304.8144313660700391      0.0242398
    3307.8335056989908480      0.0269157
    3310.8525800318784604      0.0376454
    3313.8716543648320112      0.0317299
    3316.8907286977523654      0.0322315
    3319.9098030307063709      0.0403599
    3322.9288773636603764      0.0366109
    3325.9479516965811854      0.0403419
    3328.9670260294683430      0.0308436
    3331.9861003624223486      0.0392677
    3335.0051746953427028      0.0302948
    3338.0242490282967083      0.0398420
    3341.0433233612507138      0.0291667
    3344.0623976941715227      0.0309409
    3347.0814720271255283      0.0258824
    3350.1005463600126859      0.0340878
    3353.1196206929330401      0.0370547
    3356.1386950258870456      0.0356083
    3359.1577693588078546      0.0332769
    3362.1768436917614054      0.0417793
    3365.1959180247154109      0.0393951
    3368.2149923576357651      0.0263847
    3371.2340666905233775      0.0299590
    3374.2531410234769282      0.0359174
    3377.2722153563977372      0.0262713
    3380.2912896893517427      0.0287709
    3383.3103640223057482      0.0427647
    3386.3294383552261024      0.0366684
    3389.3485126881132601      0.0282143
    3392.3675870210672656      0.0258571
    3395.3866613539880746      0.0242778
    3398.4057356869420801      0.0315601
    3401.4248100198624343      0.0251166
    3404.4438843528164398      0.0184117
    3407.4629586857699906      0.0194125
    3410.4820330186576030      0.0210566
    3413.5011073515784119      0.0242470
    3416.5201816845324174      0.0299456
    3419.5392560174527716      0.0399376
    3422.5583303504063224      0.0404078
    3425.5774046833271314      0.0310333
    3428.5964790162474856      0.0332258
    3431.6155533491682945      0.0258502
    3434.6346276821223000      0.0415785
    3437.6537020150426542      0.0271942
    3440.6727763479966598      0.0366463
    3443.6918506809174687      0.0361663
    3446.7109250138714742      0.0285555
    3449.7299993467586319      0.0294176
    3452.7490736797126374      0.0393739
    3455.7681480126329916      0.0314422
    3458.7872223455869971      0.0174636
    3461.8062966785078061      0.0214270
    3464.8253710114618116      0.0323207
    3467.8444453443489692      0.0165114
    3470.8635196772697782      0.0226348
    3473.8825940102237837      0.0299929
    3476.9016683431773345      0.0456541
    3479.9207426760976887      0.0298173
    3482.9398170090516942      0.0355061
    3485.9588913419725031      0.0182241
    3488.9779656748601155      0.0311631
    3491.9970400078136663      0.0230010
    3495.0161143407676718      0.0208225
    3498.0351886736880260      0.0373467
    3501.0542630066420315      0.0285385
    3504.0733373395628405      0.0388780
    3507.0924116725168460      0.0414578
    3510.1114860054040037      0.0440675
    3513.1305603383243579      0.0437620
    3516.1496346712783634      0.0349497
    3519.1687090042323689      0.0362039
    3522.1877833371531779      0.0363821
    3525.2068576701067286      0.0248754
    3528.2259320029943410      0.0316460
    3531.2450063359146952      0.0357271
    3534.2640806688687007      0.0475365
    3537.2831550018222515      0.0263198
    3540.3022293347430605      0.0402080
    3543.3213036676970660      0.0337271
    3546.3403780006174202      0.0343584
    3549.3594523335045778      0.0201974
    3552.3785266664585833      0.0341895
    3555.3976009993793923      0.0348138
    3558.4166753323333978      0.0312076
    3561.4357496652874033      0.0344725
    3564.4548239982077575      0.0467354
    3567.4738983310949152      0.0346934
    3570.4929726640489207      0.0410113
    3573.5120469969697297      0.0252020
    3576.5311213299237352      0.0298978
    3579.5501956628440894      0.0307551
    3582.5692699957980949      0.0470265
    3585.5883443287516457      0.0360122
    3588.6074186616392581      0.0456042
    3591.6264929945600670      0.0346305
    3594.6455673275136178      0.0427030
    3597.6646416604339720      0.0462426
    3600.6837159933879775      0.0303467
    3603.7027903263419830      0.0324674
    3606.7218646592627920      0.0400204
    3609.7409389921499496      0.0365463
    3612.7600133251039551      0.0286553
    3615.7790876580243093      0.0303327
    3618.7981619909783149      0.0424304
    3621.8172363238991238      0.0389300
    3624.8363106568531293      0.0312555
    3627.8553849897402870      0.0450734
    3630.8744593226942925      0.0321566
    3633.8935336556146467      0.0369938
    3636.9126079885686522      0.0311437
    3639.9316823214894612      0.0286424
    3642.9507566544430119      0.0272146
    3645.9698309873633661      0.0399369
    3648.9889053202846299      0.0444664
    3652.0079796532049841      0.0392215
    3655.0270539861585348      0.0350462
    3658.0461283190793438      0.0276213
    3661.0652026520333493      0.0350608
    3664.0842769849537035      0.0357558
    3667.1033513178413159      0.0457119
    3670.1224256507948667      0.0371199
    3673.1414999837488722      0.0527040
    3676.1605743166696811      0.0215853
    3679.1796486496236867      0.0324976
    3682.1987229825440409      0.0500422
    3685.2177973154980464      0.0405253
    3688.2368716483852040      0.0446770
    3691.2559459813392095      0.0454956
    3694.2750203142600185      0.0368922
    3697.2940946472140240      0.0392911
    3700.3131689801343782      0.0329916
    3703.3322433130879290      0.0391266
    3706.3513176460087379      0.0370878
    3709.3703919788963503      0.0375098
    3712.3894663118499011      0.0343655
    3715.4085406448039066      0.0324909
    3718.4276149777242608      0.0391970
    3721.4466893106782663      0.0453023
    3724.4657636435990753      0.0370310
    3727.4848379764862329      0.0259358
    3730.5039123094402385      0.0342178
    3733.5229866423610474      0.0259813
    3736.5420609753150529      0.0347860
    3739.5611353082690584      0.0303185
    3742.5802096411894127      0.0256338
    3745.5992839741434182      0.0453512
    3748.6183583070305758      0.0424020
    3751.6374326399513848      0.0242693
    3754.6565069729053903      0.0318869
    3757.6755813058589411      0.0200761
    3760.6946556387792953     -0.0048288
    3763.7137299717333008     -0.0000157
    3766.7328043046209132      0.0229234
    3769.7518786375417221      0.0169739
    3772.7709529704952729      0.0182050
    3775.7900273034156271      0.0179860
    3778.8091016363696326      0.0398932
