# FILENAME=Skynet_59472_ngc1530_group2_62102_10937.A.onoff.cal.txt
# BASENAME=Skynet_59472_ngc1530_group2_62102_10937
# CONTROL=SKYNET
# PROJCODE=Skynet_59472_ngc1530_group2_62102
# DATAROOT=/raid/scratch/cyborg/SkynetData
# DATADIR=/raid/scratch/cyborg
# DATADIR2=/raid/scratch/cyborg/SkynetData/Skynet_59472_ngc1530_group2_621
# SCANNAME=2019_06_26_10
# SRC_NAME=ngc1530_group2
# OBSERVER=sdss2_39397
# DATE_OBS=2021-09-15T02:50:54.390
# OBSID=62102
# SCANNUM=10937
# MJD=59472.1186851
# UTC=10254
# SCANTYPE=onoff
# DATAMODE=HIRES
# RECEIVER=Rx1_2
# OBSFREQ=1408.8000
# Actual_FREQ1=1653.8000,
# Actual_FREQ2=1403.8000
# LO1Tuning=6978.8000
# RFFILTER=1300_1800
# OBSBW=-15.6250
# EFFBANDW=15.6250
# NCHAN=1024
# STARTCHAN=51
# STOPCHAN=972
# TINT=0.3000
# TBIN=0.00419430
# ACCLEN=2048
# DURATION=407.40
# EXPOSURE=389.05
# FOCUS=37.071
# RA,DEC=04:24:30.26, 75:17:45.96
# RA(deg)=71.77380
# DEC(deg)=75.29558
# WIDTH(deg)=3.0183x0.0154
# AZIM(deg)=15.0871
# ELEV(deg)=31.1952
# COORDREF=RA_DEC_
# HREF=65.8629
# VREF=75.2956
# RADESYS=FK5
# OFFSYS=RADEC
# EQUINOX=2000.00
# IFATTENS=30.00, 14.00
# BALANCELEV=1.200
# POWER_XLYR=[8.48, 8.66]
# VELDEF=RADI-OBS
# VELOCITY=0.000
# NPOL=2
# POLMODE=Linear
# POLTYPE=XXYY
# WARNING=None
# NOISECAL=HI
# PRECAL=2
# POSTCAL=2
# CRYOTEMP=17
# BOXTEMP=26
# TSYS=XX1:91.82, YY1:73.65
# TSYS=XX2:105.94, YY2:135.75
# TCAL=XX1:9.42, YY1:11.79
# TCAL=XX2:9.16, YY2:9.99
# Calibrated spectra: Tsys*(ON-OFF)/OFF
# 
# 
# Freq1(MHz)         XX1          YY1   Freq2(MHz)       XX2         YY2
col1 col2 col3
1410.8343 -0.6427 0.1505
1410.81904 -0.6201 0.0444
1410.80378 -0.5131 0.353
1410.78853 -0.4232 -0.0784
1410.77327 -0.4514 0.0552
1410.75801 -0.5881 0.1616
1410.74275 -0.5819 -0.174
1410.72749 -0.5336 -0.0854
1410.71223 -0.6512 0.0125
1410.69697 -0.4776 0.045
1410.68171 -0.501 0.0608
1410.66646 -0.5006 0.0355
1410.6512 -0.3562 -0.0188
1410.63594 -0.3863 0.0495
1410.62068 -0.3173 0.2437
1410.60542 -0.5038 0.0907
1410.59016 -0.4122 -0.0394
1410.5749 -0.3776 0.0028
1410.55964 -0.7142 -0.0127
1410.54438 -0.5573 0.1515
1410.52913 -0.4121 -0.0403
1410.51387 -0.6268 0.1186
1410.49861 -0.3821 -0.0005
1410.48335 -0.5205 0.1255
1410.46809 -0.6048 0.0796
1410.45283 -0.5002 0.0908
1410.43757 -0.4621 -0.0252
1410.42231 -0.3558 -0.1561
1410.40706 -0.3445 -0.0294
1410.3918 -0.3745 -0.0026
1410.37654 -0.5344 0.0426
1410.36128 -0.3755 -0.1617
1410.34602 -0.3013 -0.0928
1410.33076 -0.3891 0.0997
1410.3155 -0.308 -0.1245
1410.30024 -0.4079 -0.1021
1410.28499 -0.5449 -0.0162
1410.26973 -0.4125 -0.2252
1410.25447 -0.26 -0.1634
1410.23921 -0.3894 0.0887
1410.22395 -0.3187 0.0142
1410.20869 -0.4545 0.0832
1410.19343 -0.3578 -0.1007
1410.17817 -0.4564 -0.0981
1410.16292 -0.4303 -0.1954
1410.14766 -0.3902 -0.2195
1410.1324 -0.3871 -0.2596
1410.11714 -0.4367 -0.2244
1410.10188 -0.3196 0.0016
1410.08662 -0.3758 0.0017
1410.07136 -0.509 -0.0464
1410.0561 -0.4035 -0.1867
1410.04084 -0.3669 -0.2256
1410.02559 -0.337 -0.2938
1410.01033 -0.4039 0.0473
1409.99507 -0.2663 -0.2571
1409.97981 -0.148 -0.2586
1409.96455 -0.3318 -0.0901
1409.94929 -0.1881 -0.1586
1409.93403 -0.2764 -0.1694
1409.91877 -0.1964 -0.2785
1409.90352 -0.3737 -0.1421
1409.88826 -0.2737 -0.3443
1409.873 -0.2823 -0.1875
1409.85774 -0.4579 0.007
1409.84248 -0.395 -0.3125
1409.82722 -0.2437 -0.2771
1409.81196 -0.267 -0.0825
1409.7967 -0.3429 -0.312
1409.78145 -0.3437 -0.3361
1409.76619 -0.2393 -0.1118
1409.75093 -0.2868 -0.1431
1409.73567 -0.2257 -0.4053
1409.72041 -0.3119 -0.2293
1409.70515 -0.3275 -0.1151
1409.68989 -0.4285 -0.1106
1409.67463 -0.0557 -0.2916
1409.65937 -0.1115 -0.3159
1409.64412 -0.2724 -0.2507
1409.62886 -0.1257 -0.3618
1409.6136 -0.3296 -0.3919
1409.59834 -0.3001 -0.0828
1409.58308 -0.0875 -0.2227
1409.56782 -0.2542 -0.3788
1409.55256 -0.1656 -0.2965
1409.5373 -0.1928 -0.3139
1409.52205 -0.1785 -0.1889
1409.50679 -0.215 -0.3076
1409.49153 -0.2529 -0.1774
1409.47627 -0.167 -0.0626
1409.46101 -0.0917 -0.511
1409.44575 -0.2155 -0.456
1409.43049 -0.2562 -0.3691
1409.41523 -0.0393 -0.1371
1409.39998 -0.1949 -0.2836
1409.38472 -0.2036 -0.0899
1409.36946 -0.1092 -0.4304
1409.3542 -0.0618 -0.3824
1409.33894 -0.1702 -0.3691
1409.32368 -0.182 -0.1621
1409.30842 -0.0725 -0.3541
1409.29316 -0.0625 -0.4099
1409.27791 -0.2033 -0.433
1409.26265 -0.1361 -0.4199
1409.24739 -0.099 -0.351
1409.23213 -0.0293 -0.3797
1409.21687 -0.1313 -0.3398
1409.20161 -0.2679 -0.427
1409.18635 -0.3772 -0.3077
1409.17109 -0.1101 -0.4709
1409.15583 -0.094 -0.2517
1409.14058 -0.2179 -0.3466
1409.12532 -0.183 -0.2087
1409.11006 -0.2832 -0.5764
1409.0948 -0.2163 -0.305
1409.07954 -0.1471 -0.4987
1409.06428 -0.0675 -0.4627
1409.04902 -0.1845 -0.4123
1409.03376 0.253 -0.1938
1409.01851 -0.3191 -0.479
1409.00325 -0.0723 -0.309
1408.98799 -0.222 -0.3466
1408.97273 -0.1662 -0.5856
1408.95747 -0.2487 -0.4975
1408.94221 0.0212 -0.4829
1408.92695 -0.0974 -0.6037
1408.91169 -0.061 -0.5979
1408.89644 -0.145 -0.4692
1408.88118 -0.1137 -0.5441
1408.86592 -0.0264 -0.5135
1408.85066 -0.1516 -0.5968
1408.8354 -0.1524 -0.5738
1408.82014 0.0791 -0.4153
1408.80488 -0.0228 -0.6716
1408.78962 -0.0386 -0.5692
1408.77437 0.001 -0.515
1408.75911 -0.0193 -0.4734
1408.74385 -0.0719 -0.4567
1408.72859 0.1172 -0.6207
1408.71333 -0.0515 -0.5851
1408.69807 0.0179 -0.5204
1408.68281 0.0536 -0.6651
1408.66755 -0.23 -0.7284
1408.65229 0.0046 -0.5914
1408.63704 -0.0763 -0.7112
1408.62178 -0.0621 -0.5006
1408.60652 -0.1309 -0.8021
1408.59126 0.0936 -0.7386
1408.576 -0.0191 -0.5854
1408.56074 -0.1166 -0.7065
1408.54548 -0.147 -0.6645
1408.53022 0.01 -0.7085
1408.51497 0.1253 -0.6445
1408.49971 -0.0813 -0.6204
1408.48445 -0.0578 -0.7808
1408.46919 0.0089 -0.7031
1408.45393 -0.1253 -0.4946
1408.43867 -0.0186 -0.6154
1408.42341 0.0436 -0.8219
1408.40815 0.0784 -0.6611
1408.3929 -0.0306 -0.7488
1408.37764 0.0688 -0.7589
1408.36238 0.0218 -0.7998
1408.34712 0.022 -0.7315
1408.33186 0.0713 -0.9404
1408.3166 -0.052 -0.6643
1408.30134 0.0126 -0.7852
1408.28608 -0.0118 -0.6766
1408.27083 0.1154 -0.9305
1408.25557 0.1521 -0.6539
1408.24031 0.0301 -0.7666
1408.22505 -0.0155 -0.7723
1408.20979 0.0721 -0.6109
1408.19453 -0.0341 -0.8164
1408.17927 0.0056 -0.9341
1408.16401 -0.053 -0.8076
1408.14875 0.0769 -1.059
1408.1335 0.0719 -0.9018
1408.11824 0.0685 -0.8716
1408.10298 -0.1643 -0.9192
1408.08772 -0.0973 -0.8793
1408.07246 -0.2107 -0.8141
1408.0572 -0.0189 -0.7544
1408.04194 0.0697 -0.7971
1408.02668 -0.0233 -0.8118
1408.01143 -0.169 -0.9963
1407.99617 0.0258 -0.8454
1407.98091 -0.1696 -0.9792
1407.96565 -0.0974 -0.8862
1407.95039 0.0235 -1.0029
1407.93513 -0.106 -0.9298
1407.91987 -0.0224 -0.9779
1407.90461 0.0274 -0.8884
1407.88936 0.014 -0.883
1407.8741 -0.0403 -0.9653
1407.85884 0.0126 -0.8105
1407.84358 -0.2022 -0.8595
1407.82832 -0.1478 -1.0427
1407.81306 -0.1442 -1.1781
1407.7978 -0.1785 -0.9957
1407.78254 -0.2206 -1.065
1407.76729 0.0396 -0.8081
1407.75203 -0.0134 -0.9095
1407.73677 0.0103 -0.8528
1407.72151 -0.0758 -0.9604
1407.70625 -0.063 -1.118
1407.69099 0.0373 -1.0192
1407.67573 -0.1944 -1.0918
1407.66047 -0.0537 -1.1097
1407.64521 -0.1549 -0.8912
1407.62996 -0.0911 -1.0673
1407.6147 -0.0299 -0.8579
1407.59944 -0.0655 -0.8924
1407.58418 0.0123 -1.1668
1407.56892 -0.0452 -0.9826
1407.55366 -0.0025 -1.0621
1407.5384 -0.1668 -1.0481
1407.52314 0.0022 -1.1217
1407.50789 0.0815 -1.0911
1407.49263 -0.0681 -1.0027
1407.47737 -0.1076 -1.0465
1407.46211 -0.0661 -0.9859
1407.44685 0.0263 -1.0633
1407.43159 0.048 -1.0001
1407.41633 -0.105 -1.1787
1407.40107 -0.2303 -1.1515
1407.38582 -0.166 -0.9979
1407.37056 -0.1221 -0.9824
1407.3553 0.0236 -1.0077
1407.34004 -0.1068 -0.9971
1407.32478 -0.1741 -0.9516
1407.30952 -0.0776 -1.0492
1407.29426 -0.0314 -1.082
1407.279 -0.087 -1.0003
1407.26375 -0.1326 -0.9747
1407.24849 -0.2227 -0.9498
1407.23323 -0.0695 -1.1921
1407.21797 -0.1213 -1.1675
1407.20271 -0.1663 -1.1632
1407.18745 -0.2304 -1.1854
1407.17219 -0.2018 -1.2509
1407.15693 -0.064 -1.0926
1407.14167 -0.0907 -1.075
1407.12642 -0.0643 -1.1763
1407.11116 -0.1845 -1.1448
1407.0959 -0.1844 -0.93
1407.08064 -0.1005 -1.3233
1407.06538 -0.1887 -1.2623
1407.05012 -0.1811 -1.105
1407.03486 -0.1996 -1.2633
1407.0196 -0.1648 -1.1233
1407.00435 -0.1622 -1.3119
1406.98909 -0.1455 -1.364
1406.97383 -0.1565 -1.1274
1406.95857 -0.068 -1.2257
1406.94331 -0.0924 -1.0929
1406.92805 -0.2377 -1.2209
1406.91279 -0.2935 -1.2759
1406.89753 -0.199 -1.1107
1406.88228 -0.1575 -1.0518
1406.86702 -0.0814 -1.0944
1406.85176 0.0739 -1.0875
1406.8365 -0.1826 -1.0439
1406.82124 -0.038 -1.2934
1406.80598 0.0283 -1.1331
1406.79072 -0.0573 -1.3305
1406.77546 0.0087 -1.1507
1406.76021 -0.0232 -1.2248
1406.74495 -0.1399 -1.1578
1406.72969 -0.1165 -1.0571
1406.71443 -0.0543 -1.2259
1406.69917 -0.1261 -1.3223
1406.68391 -0.1435 -1.0764
1406.66865 -0.1774 -1.2034
1406.65339 -0.124 -1.0883
1406.63813 -0.1307 -1.0722
1406.62288 -0.0475 -1.312
1406.60762 -0.2843 -1.1587
1406.59236 -0.1882 -1.3735
1406.5771 -0.1874 -1.0931
1406.56184 -0.1608 -1.1999
1406.54658 -0.1591 -1.083
1406.53132 -0.0437 -1.3022
1406.51606 -0.0251 -1.1741
1406.50081 -0.2241 -1.241
1406.48555 -0.2288 -1.1324
1406.47029 -0.1585 -1.1307
1406.45503 -0.1483 -1.2061
1406.43977 -0.0744 -1.2295
1406.42451 -0.1434 -1.3369
1406.40925 -0.2099 -1.2469
1406.39399 -0.2357 -1.1689
1406.37874 -0.0876 -1.2035
1406.36348 -0.2865 -1.3117
1406.34822 -0.2152 -1.3191
1406.33296 -0.2601 -1.1913
1406.3177 -0.1782 -1.2304
1406.30244 -0.0223 -1.3367
1406.28718 0.0119 -1.0829
1406.27192 -0.0459 -1.1723
1406.25667 -0.1253 -1.2666
1406.24141 -0.2156 -1.2096
1406.22615 -0.3171 -1.2506
1406.21089 -0.2689 -1.2168
1406.19563 -0.2672 -1.0626
1406.18037 -0.2597 -1.0825
1406.16511 -0.2479 -1.2264
1406.14985 -0.093 -1.075
1406.13459 -0.1916 -1.1034
1406.11934 -0.1323 -1.3298
1406.10408 -0.0711 -1.3347
1406.08882 -0.2078 -1.1853
1406.07356 -0.1173 -1.1573
1406.0583 -0.1793 -1.0574
1406.04304 -0.2467 -1.1495
1406.02778 -0.1067 -1.2801
1406.01252 -0.1091 -1.181
1405.99727 -0.1793 -1.1621
1405.98201 -0.1957 -1.1747
1405.96675 -0.24 -1.3045
1405.95149 -0.2367 -1.1136
1405.93623 -0.0864 -1.3174
1405.92097 -0.1752 -1.2715
1405.90571 -0.0768 -1.27
1405.89045 -0.0109 -1.3406
1405.8752 -0.2199 -1.2564
1405.85994 -0.1297 -1.2436
